70.58479
0.6269388 1
0.7894785 6
0.8126984 1
1.207438 1
1.393197 6
1.416417 1
1.602177 1
1.787936 6
1.811157 1
1.996916 6
2.205896 1
2.391655 6
2.414875 1
2.786395 6
2.809614 1
2.995374 6
3.204354 1
3.390113 6
3.413333 1
3.599093 6
3.831293 1
3.993832 6
4.017052 1
4.388571 6
4.411791 1
4.620771 1
4.80653 1
4.99229 6
5.01551 1
5.20127 1
5.38703 6
5.410249 1
6.408708 1
7.012426 1
7.407166 1
7.592925 6
7.616145 1
7.825125 1
8.010884 1
8.219864 1
8.405623 1
8.591383 6
8.800363 1
8.870023 1
8.986122 6
9.195102 6
9.589841 6
9.613061 1
10.0078 1
10.19356 6
10.21678 1
10.40254 1
10.5883 6
10.61152 1
10.79728 6
11.02948 1
11.21524 1
11.42422 1
11.58676 6
11.60998 1
11.79574 6
12.00472 1
12.19048 6
12.39946 6
12.46912 1
12.60844 1
12.7942 6
12.81742 1
13.18893 6
13.21215 1
13.42113 1
13.60689 1
13.79265 6
13.81587 1
14.00163 1
14.18739 6
14.21061 1
14.62857 1
14.79111 6
14.81433 1
15.20907 1
15.39483 6
15.60381 1
15.78957 6
15.81279 1
15.99855 1
16.20753 1
16.39329 6
16.41651 1
16.62549 1
16.81125 1
17.20599 1
17.39175 6
17.99546 6
18.59918 6
18.64562 1
18.80816 6
18.99392 6
19.2029 6
19.59764 6
20.38712 6
20.5961 6
21.59456 6
21.9893 6
22.59302 6
22.802 6
22.98775 6
23.59147 6
24.19519 6
24.58993 6
25.19365 6
25.58839 6
26.19211 6
26.58685 6
26.61007 1
26.79583 6
27.19057 6
27.58531 6
27.63175 6
27.79428 6
28.18903 6
28.398 6
28.49088 6
28.79274 6
29.18748 6
29.7912 6
30.00018 6
30.39492 6
30.78966 6
31.39338 6
31.60236 6
31.9971 6
32.39184 6
32.78658 6
32.99556 6
33.39029 6
33.59927 6
33.99401 6
34.38875 6
34.99247 6
35.59619 6
35.99093 6
36.38567 6
36.59465 6
36.98939 6
37.19837 6
37.59311 6
37.98785 6
38.59156 6
38.80054 6
39.19528 6
39.59002 6
39.98476 6
40.19374 6
40.40272 6
40.58848 6
40.79746 6
41.58694 6
42.19066 6
42.39964 6
42.79438 6
43.18912 6
43.79284 6
44.39655 6
44.79129 6
45.18603 6
45.39501 6
45.78975 6
45.99873 6
46.39347 6
46.78821 6
47.60091 6
48.39038 6
49.59782 6
49.99256 6
51.22322 1
51.59474 6
52.19846 6
52.2449 1
52.40744 6
52.5932 6
52.80218 6
53.19691 6
53.98639 6
54.19537 6
55.19383 6
55.58857 6
56.19229 6
56.40127 6
57.19075 6
57.79447 6
58.00345 6
58.18921 6
58.79293 6
60.3951 3
60.78984 3
60.81306 1
61.2078 3
61.39356 3
61.81152 3
62.20626 3
62.39202 3
62.41524 1
62.601 1
62.80998 1
63.01896 1
63.20472 1
63.4137 1
63.59946 1
63.80843 1
64.01742 1
64.22639 1
64.41216 1
64.59792 1
64.80689 1
65.01588 1
65.20163 1
65.41061 1
65.61959 1
65.80535 1
66.01433 1
66.22331 1
66.40907 1
66.61805 1
66.80381 1
67.01279 1
67.19855 1
67.40753 1
67.61651 1
67.80227 1
68.01125 1
68.19701 1
68.40598 1
68.61497 1
68.80073 1
69.0097 1
69.21868 1
69.31156 1
