220.368
0.6613333 6
0.6826667 1
1.173333 1
1.664 6
2.154667 1
2.645333 6
2.666667 1
3.136 6
3.157333 1
3.648 1
4.138667 6
4.629333 6
4.650667 1
5.12 6
5.141333 1
5.376 6
5.632 1
5.866667 6
6.122667 1
6.613333 6
6.634666 1
7.104 6
7.125333 1
7.616 1
7.850667 6
8.106667 1
8.597333 6
8.618667 1
9.109333 1
9.6 6
10.09067 1
10.58133 6
10.60267 1
11.09333 1
11.584 1
11.81867 6
12.07467 1
12.56533 6
12.58667 1
13.07733 1
13.568 1
13.80267 6
14.05867 1
14.54933 6
15.06133 1
15.552 1
15.78667 6
16.04267 1
16.53333 6
17.04533 1
17.536 1
18.02667 1
18.51733 6
19.02933 1
19.52 1
20.01067 1
20.50133 6
21.01333 1
21.504 1
21.73867 6
21.99467 1
22.48533 6
22.99733 1
23.488 1
23.72267 6
23.97867 1
24.21333 6
24.46933 6
24.98133 1
25.45067 4
25.472 1
25.96267 1
26.45333 6
26.96533 1
27.43467 4
27.456 1
27.94667 1
28.18133 6
28.43733 6
28.94933 1
29.41867 4
29.44 1
30.16533 3
30.22933 6
30.93333 3
31.91467 1
32.40533 6
32.91733 1
33.38667 6
33.408 1
33.89867 1
34.38933 6
35.37067 4
35.392 1
35.88267 1
36.37333 6
37.35467 6
37.376 1
37.86666 1
38.31467 6
39.33867 6
39.36 1
39.85067 1
40.34133 6
41.32267 6
41.344 1
41.83467 1
42.32533 6
42.688 6
43.30667 6
43.328 1
43.81867 1
44.30933 6
45.29067 6
45.312 1
45.80267 1
46.29333 6
47.01867 6
47.27467 4
47.78667 1
48.27733 6
49.25867 6
49.28 1
49.77067 1
50.26133 6
51.47733 6
51.75467 1
53.22667 6
53.73867 1
55.72267 1
56.704 1
57.19467 6
57.216 1
57.70667 1
59.17867 6
59.69067 1
60.672 1
61.16267 6
61.67467 1
63.65867 1
64.64 1
66.624 1
67.11467 6
67.62666 1
68.608 1
69.09866 6
70.592 1
76.05334 1
77.03467 6
78.72 6
79.01867 3
80.02133 1
83.968 6
84.45866 4
84.48 1
86.656 6
91.904 6
92.416 1
93.07733 6
93.14133 6
93.632 3
93.888 4
94.10133 3
94.848 6
95.25333 6
95.38133 1
95.872 6
96.384 1
96.87466 1
97.36533 1
97.856 6
98.368 1
98.53867 6
98.85867 1
99.34933 1
100.352 1
100.8427 1
101.3333 1
101.824 6
102.0373 6
102.5707 6
102.8267 1
103.3173 1
104.32 1
104.8107 1
105.3013 1
105.792 6
106.304 1
106.7947 1
107.2853 1
107.776 6
108.7573 4
108.7787 1
109.2693 1
109.76 6
110.7627 1
111.2533 1
112.7467 1
113.2373 1
114.7093 3
114.7307 1
115.2213 1
116.4373 3
116.6933 6
116.7147 1
117.2053 1
117.696 6
118.6987 1
119.1893 1
121.1733 1
121.664 6
122.5173 6
122.6667 1
122.8587 6
123.1573 1
125.1413 1
127.1253 1
127.616 1
128.2987 6
128.5973 3
129.6 1
131.0933 1
134.5493 6
136.2347 6
137.0453 1
139.0293 1
142.72 6
144.1707 6
144.4693 6
148.224 3
148.9493 1
149.952 1
150.9333 1
151.424 1
151.9147 1
154.9013 1
155.3707 4
155.4133 1
155.4773 1
155.8827 1
159.8507 1
163.328 1
165.2907 6
165.8027 1
167.2747 6
167.7867 1
169.2587 6
169.7707 1
171.2427 6
175.7227 1
176.2133 1
179.8827 6
182.1653 1
184.1493 1
186.1333 1
187.8187 6
188.1173 1
190.1013 1
190.592 1
191.0827 6
195.7547 6
198.0373 1
198.528 1
202.0053 1
202.496 1
202.9867 6
203.6907 6
205.952 6
205.9733 1
206.464 1
206.9547 6
211.6267 6
219.456 0
219.5627 6
219.6267 0
